1 ABDOS 47.6658333333 2.5297222222
5 ABOSI 39.7791666667 -1.2844444444
6 ABRIX 43.6463888889 -1.9625
7 ABSIE 46.5833333333 -0.4583333333
8 ABUSO 45.8505555556 1.7486111111
9 ADABI 46.5611111111 0.5308333333
10 ADATU 45.5372222222 2.8255555556
12 ADEKA 45.9416666667 3.18
14 ADILU 46.1241666667 -0.8394444444
15 ADIMO 43.4919444444 1.9088888889
19 ADUXO 40.5122222222 -2.0641666667
20 ADX 39.5494444444 2.3958333333
21 AFRIC 43.7741666667 2.8691666667
23 AGENA 41.5447222222 3.4886111111
25 AGN 43.8880555556 0.8727777778
26 AGO 45.7108333333 0.4269444444
27 AGO.D 45.7186802167 0.2383755
29 AGREV 45.0641666667 4.3175
31 AKEMO 47.1391666667 -3.0
33 AKOKI 40.2244444444 -3.2186111111
38 ALARO 47.4963888889 4.7491666667
39 ALBER 42.4513888889 2.8322222222
41 ALEPO 42.3436111111 -1.9633333333
42 ALIVA 43.9330555556 1.1469444444
44 ALT 38.2683333333 -0.57
45 ALT.A 38.28822875 -0.56192225
46 ALT.D 38.2823164 -0.5560695333
47 ALT01 38.2371194 -0.3419413167
48 ALT02 38.2967747333 -0.5333963333
49 ALT03 38.2697830833 -0.5860480833
51 ALURA 46.5 4.9527777778
52 AMB 47.4288888889 1.0644444444
54 AMDAS 45.6816666667 3.7430555556
55 AMGAR 42.555 -3.2533333333
56 AMIKO 45.1280555556 4.4830555556
57 AMLIR 44.4430555556 3.165
58 AMOLO 43.8280555556 2.5788888889
62 AMPUR 43.3233333333 -3.4302777778
67 ANETO 42.6930555556 0.5583333333
68 ANG 47.5369444444 -0.8519444444
70 ANTON 41.26 1.6983333333
71 ANZAN 39.0 -3.2213888889
73 ARBEK 41.5438888889 1.1297222222
74 ARBIN 42.6797222222 -2.6138888889
75 ARBON 45.2833333333 4.8902777778
77 ARDEG 44.6691666667 4.5375
78 ARDOD 47.7313888889 -0.9058333333
80 ARGOR 39.5386111111 0.2986111111
83 ARLE0 40.55538575 0.2699069167
91 ARSOM 46.1372222222 3.4197222222
92 ARTAX 46.2575 1.7833333333
93 ARVEL 43.4522222222 2.0416666667
94 ASBIN 40.255 -3.1763888889
96 ASMOT 39.2758333333 2.7155555556
99 ASPET 43.0 0.9797222222
102 ASTRO 39.0244444444 -1.2630555556
104 ATRID 46.8486111111 3.4086111111
106 AUCHE 43.6513888889 0.5583333333
107 AULON 44.3786111111 1.6475
109 AVILA 40.6247222222 -4.55
110 AVLON 47.56 3.8133333333
111 AVN 43.9952777778 4.7463888889
114 BADAM 44.0863888889 3.1705555556
116 BADRU 43.7363888889 -2.7966666667
117 BAGAD 47.5833333333 -2.8811111111
118 BAGAS 43.0983333333 -2.0947222222
121 BAGRO 43.2097222222 -0.0972222222
122 BAKAX 39.4570359667 2.5297923833
123 BAKNO 46.5 3.5313888889
125 BAKUL 47.3469444444 -1.6380555556
127 BALAN 46.5161111111 1.0333333333
128 BALDE 41.23 0.5227777778
132 BALMU 47.8466666667 4.6397222222
133 BALNI 47.6180555556 -1.6738888889
137 BAN07 40.8278145667 -2.5617187167
139 BANOL 42.1266666667 2.8466666667
140 BANVO 41.3236111167 -2.6302777833
142 BARBO 42.4488888889 0.9027777778
145 BASLI 44.1147222222 2.9875
146 BASSO 39.54444445 3.1225
149 BAVER 38.8797222222 0.675
151 BCN.A 41.29943885 2.0844560333
152 BCN.D 41.2972901333 2.0768662333
153 BCN04 40.9109612167 2.39200505
154 BCN12 41.0132562 2.3655927667
155 BCN46 41.1447914333 1.8076067
159 BE 44.8705555556 -0.3977777778
161 BEBIX 45.9491666667 1.3997222222
162 BEGOX 39.0691666667 -0.7719444444
163 BEGUY 43.0583333333 -1.4508333333
164 BELEN 43.9141666667 -2.7386111111
165 BELEP 45.7916666667 4.1316666667
168 BELVU 45.9525 4.045
169 BEMAX 46.1655555556 -0.7597222222
172 BERGA 42.1713888889 2.0319444444
175 BEVOL 47.0119444444 0.9308333333
177 BEXID 39.5744444444 -3.4847222222
178 BEXUR 41.9477777833 3.2086111167
179 BGC 44.8194444444 0.6191666667
180 BGC.A 44.8151968667 0.5302620833
181 BGC.D 44.8180360667 0.5110792167
184 BIDAC 43.4172222222 -1.1355555556
187 BISBA 42.0863888889 3.6258333333
188 BISBI 44.0652777778 2.4561111111
189 BISES 41.3186111111 1.6891666667
192 BL045 41.65430415 3.0251583167
193 BL057 40.8607578667 2.2995525333
194 BL058 40.9369960167 2.278676
195 BLASO 40.6527777778 3.6444444444
197 BLN 38.1525 -3.625
198 BLV 43.3044444444 -2.9358333333
199 BMC 44.8269444444 -0.7211111111
200 BMC.A 44.83395675 -0.70784045
201 BMC.D 44.82660535 -0.7092621833
202 BMC01 44.7937763833 -0.773406
203 BMC03 44.9930355667 -0.7756432667
204 BOBRI 46.8383333333 -1.1902777778
205 BOBSI 46.3241666667 4.9852777778
206 BOGAS 39.5061111111 -3.8247222222
207 BOGRO 43.3113888889 0.75
208 BOKNO 47.0469444444 0.6916666667
210 BOLSA 43.3341666667 3.315
213 BORGU 45.9422267333 0.02611465
214 BOSIO 40.3408333333 -3.5205555556
216 BRA02 40.5573756333 -3.5450642833
217 BRA06 40.7230416333 -3.5636953333
220 BRITO 41.0791666667 -2.0780555556
222 BROTO 42.4244444444 0.1538888889
223 BRUNO 38.6083333333 0.4833333333
226 BSC.A 45.01072215 1.5602792333
227 BSC.D 45.0140615833 1.5413500667
228 BTZ 43.4666666667 -1.5102777778
229 BTZ.A 43.4732797333 -1.5304974
230 BTZ.D 43.4736401167 -1.5380027333
231 BUDOM 40.6563888833 -2.8166666667
232 BUGIX 42.3580555556 -3.6352777778
233 BUGUS 45.0 0.9605555556
236 BUREX 39.8111111111 -3.9394444444
238 BUROX 43.6305555556 1.255
243 BZR.A 43.33593 3.3372344833
244 BZR.D 43.3332444667 3.3646350333
246 CACHI 47.0666666667 4.1066666667
247 CALCE 43.3627777778 -3.3166666667
248 CAMBY 40.8641666667 1.1822222222
251 CASIM 40.2308333333 0.1430555556
253 CASPE 41.2683333333 0.1994444444
254 CATON 39.8052777778 -1.2116666667
255 CAVES 41.4833333333 1.6636111111
257 CDP 39.6975 3.4341666667
258 CEGAM 42.9836111111 -2.2363888889
259 CENTA 39.9005555556 -1.4319444444
261 CFA 45.7875 3.1922222222
262 CFA.A 45.79499635 3.2068415167
263 CFA.D 45.7906701 3.1612534833
266 CHALA 45.3552777778 0.1308333333
267 CHELY 41.075 4.505
269 CJN 40.3719444444 -2.5447222222
270 CJN03 40.2680362 -2.2620316167
271 CLE 41.64 2.6347222222
272 CLE03 41.2166174833 2.75779595
273 CLS 39.7072222222 -0.9863888889
274 CM 43.9083333333 4.9052777778
275 CMA 40.8672222222 -1.2980555556
276 CNA 45.6594444444 -0.3116666667
277 CNA.A 45.6357014833 -0.3543438167
278 CNA.D 45.6315583 -0.36652675
280 COMPI 39.3508333333 -0.0077777778
281 COQUE 47.0791666667 -4.9905555556
283 CORMA 43.9216666667 -0.2041666667
285 CRETA 40.8722222222 0.0616666667
286 CRISA 38.9386111111 -4.5563888889
287 CS 43.2225 2.2075
290 CTN 40.2186111111 0.0891666667
291 CTX 46.9366666667 1.8011111111
295 CVU.A 43.6358050333 2.2097944167
296 CVU.D 43.6300510667 2.2162080833
297 DADIV 40.3930555556 -3.3408333333
298 DALIN 41.7338888889 3.3577777778
301 DEGEX 47.7438888889 -3.1566666667
302 DEGOL 43.7805555556 2.8522222222
303 DEGUK 44.1083333333 0.7308333333
304 DELOG 44.3288888889 -3.9875
305 DEPES 44.1233333333 2.1644444444
306 DEPOM 47.3177777778 2.1791666667
307 DESAB 45.8302777778 -2.9591666667
309 DEVRO 47.4955555556 0.7386111111
310 DGO 42.4533333333 -2.8805555556
311 DIBAG 45.7894444444 0.7875
312 DIBER 42.0797222222 4.415
314 DIDRU 46.1816666667 0.0311111111
315 DILRA 45.85 -1.2255555556
317 DIPES 41.0630555556 3.54
318 DIPOL 40.4163888889 -4.6763888889
319 DIRAX 44.5522222222 -0.4544444444
320 DIRBA 46.0 4.5025
321 DIRMO 47.0891666667 2.1922222222
322 DIRMU 41.7855555556 0.1594444444
325 DISKO 41.0152777778 -4.2233333333
326 DISVU 40.7402777778 -1.2633333333
327 DITOP 43.0155555556 -1.7644444444
330 DIVKO 43.0561111111 4.7769444444
333 DOLES 40.4077777778 -4.0691666667
334 DOMOD 47.8627777778 1.2858333333
336 DONOS 43.2838888889 -1.4913888889
338 DORMI 40.8711111111 0.385
339 DOSOP 39.3908333333 3.1255555556
340 DOSUL 43.6805555556 -3.3166666667
342 DRAGO 40.0077777778 1.7655555556
344 DUNES 40.8638888889 3.1575
348 EBROX 40.7086111111 1.2316666667
350 EBU.A 45.5590279667 4.27846505
353 EDIMU 40.7783333333 -1.8283333333
355 EDULI 39.4061111111 2.4175
356 ELKEM 38.1488888889 1.7713888889
360 ELSOS 41.8186111167 2.8711111167
361 ELVIR 40.3730555556 -3.2319444444
364 EMANU 42.9577777778 -3.7808333333
365 EMBEX 41.9533333333 -1.2194444444
367 ENESO 46.2005555556 2.9308333333
369 ENSAC 44.2 -0.6902777778
370 EPAMA 39.6030555556 1.3802777778
372 EREMA 41.0816666667 -4.1397222222
373 ERGUL 44.2497222222 3.4488888889
374 ERIGA 46.86 -2.3630555556
377 ESERA 44.1477777778 3.5297222222
378 ESISI 44.8927777778 1.4283333333
379 ESPAL 44.4488888889 2.8333333333
380 ESPIG 43.5108333333 4.1052777778
382 ESPOR 40.2830555556 2.0955555556
385 ETAMO 46.8402777778 2.3375
388 ETPAR 45.1958333333 -0.8616666667
390 ETREK 45.1877777778 4.6386111111
394 FBA.A 44.1886491 0.581337
395 FBA.D 44.2005485833 0.58730545
396 FBM.D 43.9192221833 -0.5258389
397 FBP.A 43.3790863167 -0.4200931333
398 FBP.D 43.3883431 -0.4235881
399 FC 44.6708333333 1.7869444444
400 FCR.A 44.40225365 2.4885411667
401 FCR.D 44.4130763667 2.4768464
404 FERD0 40.831425 -2.9450688
406 FESTA 41.4422222222 -1.1044444444
407 FEVIK 41.6797222222 3.1961111111
408 FFF.D 47.5803735833 -0.29913475
410 FINOT 43.715 2.03
411 FISTO 44.4613888889 1.2272222222
412 FJR 43.5783333333 3.9747222222
413 FJR.A 43.5857774333 3.9605435167
414 FJR.D 43.5905894 3.9788836333
415 FLA.D 47.84063645 3.4912817167
416 FLD.A 47.0869536667 2.3793377
417 FLD.D 47.0698459833 2.3881208333
418 FLN.A 46.3973345167 4.01540355
419 FLN.D 46.3897664833 3.9785632333
420 FLW.A 44.9374959333 2.4075649
421 FLW.D 44.91924365 2.440491
422 FMS.A 44.0958738167 4.1887731
423 FMV.A 43.90801585 4.9022473667
424 FMV.D 43.9150427833 4.89422575
425 FOQ.A 47.6949004667 1.2130816
426 FOQ.D 47.69673435 1.1889325333
427 FOUCO 45.7547222222 0.4805555556
428 FTW.A 43.7572884 4.4264153167
429 FTW.D 43.7575831333 4.4139918667
431 GAI 43.9541666667 1.8241666667
432 GALAT 40.1544444444 1.9408333333
433 GALDO 43.2594444444 1.7458333333
435 GARBI 40.8027777778 2.2866666667
437 GASMO 41.7294444444 -3.0488888889
439 GAUDE 43.0 0.6366666667
440 GAVMA 41.2658333333 1.9872222222
441 GAVRU 42.1713654167 -2.0611479333
442 GE 40.1997222222 -3.8441666667
443 GEANT 42.4333333333 2.2163888889
444 GEMAS 41.845 0.7302777778
445 GENIO 38.2936111111 3.1477777778
446 GERVA 46.0577777778 2.8744444444
447 GERVU 38.82 0.4833333333
448 GIGNA 43.6580555556 3.5294444444
449 GILUR 44.635 2.3205555556
450 GILUX 47.7241666667 1.7430555556
451 GIMAT 45.4855555556 3.5844444444
452 GINON 47.1666666667 0.18
454 GIR 41.9313888889 2.7716666667
455 GIR.A 41.9022670667 2.7603478667
456 GIR.D 41.8914040333 2.7615182167
457 GIRAK 44.6477777778 1.8105555556
460 GIROM 42.7747222222 0.9972222222
462 GL.LF 47.05232175 -1.68668395
463 GODAN 47.6419444444 -1.96
464 GODEM 46.0519444444 -2.25
465 GODOX 39.3725 1.4108333333
469 GOMSO 42.995 -1.5
471 GONIM 44.4544444444 2.8422222222
473 GONUP 43.4608333333 0.7588888889
477 GOTOR 40.1108333333 -3.7244444444
479 GRAUS 41.9791666667 0.3763888889
480 GRN01 42.02418775 2.8063692167
481 GUERE 46.19 2.0894444444
483 GUSON 46.4741666667 1.4777777778
484 HERMI 41.4736111111 -2.5333333333
489 IBRAP 42.3616666667 2.0586111111
493 IDKER 43.6430555556 -3.6630555556
495 INBAB 45.5736111111 -3.81
496 INDEG 40.8536111111 -3.7922222222
501 ISTER 40.0647222222 4.6666666667
504 IZA 38.9155555556 1.4705555556
505 IZA.A 38.8772804833 1.36930455
506 IZA.D 38.8731546833 1.37242975
511 KALMA 40.4113888889 -4.2994444444
512 KAMPO 39.7333333333 -4.0552777778
513 KANIG 42.4802777778 2.9830555556
515 KARES 41.3311111111 1.1522222222
518 KASON 47.5583333333 4.77
520 KELAM 43.1719444444 2.8686111111
521 KENAS 40.5 3.1408333333
522 KEPER 47.8061111111 0.2738888889
524 KEREB 47.5913888889 -4.5247222222
528 KONKE 41.0333333333 -1.7769444444
532 KORER 47.685 -2.5008333333
533 KOSIT 41.9352777778 2.0602777778
536 KOVAK 47.9930555556 0.8466666667
540 KUKOR 46.5419444444 3.1291666667
543 KUREG 40.8994444444 2.7188888889
544 KURIR 44.7255555556 4.9002777778
545 KURIS 47.5997222222 -1.5175
546 KURUK 43.2341666667 -3.9333333333
548 KUTAN 47.8075 4.2563888889
549 KUTEL 43.4808333333 -3.3575
550 LA6 47.9783541667 -0.6772539667
551 LABAL 46.0275 3.355
553 LABOG 43.0769444444 -0.0147222222
554 LACOU 44.2966666667 0.9044444444
556 LAGOR 46.5 -1.8441666667
557 LAKOB 46.8833333333 3.0961111111
559 LALPI 40.9588888889 -3.7036111111
562 LAMUT 47.1183333333 2.9847222222
564 LAPIT 40.8952777778 4.4613888889
566 LAPRO 43.4166666667 2.8575
567 LARDA 42.1316666667 -1.3619444444
568 LAROK 46.7108333333 -1.4336111111
569 LARON 46.2275 2.1983333333
570 LARPA 40.6266666667 2.3486111111
572 LARU1 44.4169427833 0.90979955
575 LASEV 45.9811111111 2.2613888889
576 LASKU 43.5041666667 -4.8733333333
577 LASPO 39.2825 -0.5444444444
578 LATAM 45.0338888889 4.2391666667
579 LATEK 42.875 -0.6569444444
580 LATRO 41.7716666667 1.6183333333
581 LAVAL 40.3169444444 3.57
583 LAVRA 44.6541666667 1.5302777778
584 LBH.A 46.18063915 -1.1755036
585 LBH.D 46.19692955 -1.19676455
587 LEBRI 45.8111111111 -2.5336111111
588 LECAR 45.6994444444 1.0161111111
592 LEMIN 46.5166666667 3.0536111111
594 LENSU 47.965 -2.9622222222
595 LERGA 45.2572222222 3.7502777778
596 LERGI 45.0 0.5
597 LES.A 43.3549933 -1.80621235
598 LES.D 43.2893254 -1.9193706167
599 LESBA 41.255 2.6627777778
600 LESPI 46.1136111111 3.9577777778
601 LEV.A 42.87308765 -2.73109995
602 LEV.D 42.877283 -2.7471159
603 LEX.A 43.4121522 -3.75079455
604 LEX.D 43.4340862833 -3.7462430167
605 LFB.A 45.8830029 1.1823022667
606 LFB.D 45.8556748833 1.1744342833
607 LFC.A 43.997353 3.18374735
608 LFH.A 45.1020233333 3.7636727833
610 LFT.A 45.9382880833 4.6120072167
611 LFT.D 45.91372895 4.6392289667
612 LFX.A 46.8509647833 1.6941269667
613 LFX.D 46.8568655833 1.7205378333
614 LFY.A 45.7204637833 4.9290894667
615 LFY.D 45.7161288333 4.9433021167
617 LIBRU 44.8897222222 -0.19
619 LINAK 45.5294444444 1.1530555556
620 LIPOR 40.4911111111 -2.8480555556
622 LISAS 40.2022222222 2.4963888889
623 LMB 43.4666666667 -0.0183333333
624 LMG 45.8158333333 1.0255555556
626 LOBAR 41.7480555556 0.3183333333
628 LOE 46.0302777778 1.3394444444
631 LOMRA 43.3441666667 1.8830555556
634 LOPNA 42.6386111111 -2.9608333333
635 LOR 47.7613888889 -3.4411111111
636 LORES 40.5 2.7025
639 LOTOS 40.5497222222 1.0030555556
641 LPA 42.4605555556 -2.3269444444
642 LRD 41.5527777778 0.6480555556
643 LSU 45.7827777778 1.1052777778
644 LUGEN 46.5833333333 -0.8611111111
646 LUKEV 41.7661111111 2.2686111111
647 LULAK 39.5233333333 2.8216666667
649 LULUT 44.3986111111 -0.8397222222
650 LUMAN 47.9394444444 0.4133333333
651 LUMAS 41.7333333333 4.6666666667
653 LUNEL 43.6894444444 4.1458333333
654 LUNIK 40.4397222222 3.3925
656 LURAN 42.9727777778 -0.9791666667
657 LUSEM 43.3747222222 -1.7805555556
658 LUSON 46.5 -1.3508333333
659 LUTIL 47.5963888889 0.0861111111
660 LUXUR 38.2133333333 3.4219444444
664 MABUX 39.5491666667 -1.1497222222
665 MAD.A 40.4675938 -3.5532797167
666 MAD.D 40.4791539333 -3.5614889667
668 MADOT 45.73 4.5138888889
669 MAGAL 38.0733333333 -0.2308333333
670 MAGEC 43.7483333333 -1.1958333333
671 MAGIN 40.7669444444 -3.5647222222
672 MAKIL 44.2097222222 2.3397222222
673 MAKOX 45.3327777778 1.2380555556
674 MALAT 45.2372222222 4.3347222222
675 MALEB 45.4308333333 3.1813888889
676 MALOB 42.845 -1.9386111111
677 MALOU 43.6288888889 3.0047222222
679 MAMES 42.2091666667 4.0002777778
680 MAMOM 39.2175 4.0908333333
681 MAMUK 41.8366666667 2.0722222222
682 MANAK 46.2133333333 -0.9419444444
683 MANCO 40.8863888889 -3.5769444444
684 MANDY 39.9116666667 -1.0405555556
688 MAREN 45.7333333333 -1.0616666667
689 MARIO 42.2102777778 -0.2441666667
690 MAROT 41.6055555556 3.8602777778
691 MARRE 45.435 0.2836111111
692 MARRI 43.3847222222 4.4741666667
693 MARTA 40.3547222222 1.28
695 MASAN 43.46753355 2.2513185667
698 MAVAC 45.5163888889 1.0019444444
701 MAZET 43.7261111111 4.8975
704 MC 46.3725 2.4927777778
706 MEBAK 45.7080555556 4.6488888889
707 MEBUT 38.7511111111 2.2280555556
708 MECKI 41.6619444444 0.6786111111
709 MEDAP 43.9216666667 2.0216666667
711 MEN 44.6083333333 3.1625
712 MENOX 46.5719444444 3.22
713 MEROS 40.5 4.3666666667
714 MEZIN 45.0172222222 4.1958333333
715 MHN 39.8636111111 4.2163888889
716 MHN.A 39.852633 4.2260543833
719 MINDI 45.1369444444 4.0422222222
720 MINGU 39.8261111111 -1.4808333333
721 MINPA 45.1044444444 3.1747222222
722 MIRBA 44.7238888889 0.3269444444
723 MIRPO 42.6311111111 -2.1552777778
724 MITOS 38.4494444444 -0.0136111111
725 MITUM 40.6455555556 -3.2477777778
726 MJV 39.4352777778 2.7583333333
727 MLA 41.1297222222 0.1652777778
729 MOGIL 38.1319444444 3.2019444444
730 MOKDI 44.9569444444 3.1669444444
731 MOKOR 47.0069444444 -2.0138888889
733 MOLAR 38.5502777778 1.5988888889
734 MOLEN 44.0552777778 4.5127777778
738 MONIX 43.3363888889 1.8969444444
739 MONOX 43.6222222222 -1.3372222222
740 MONTO 39.2216666667 -4.4969444444
741 MONTU 46.93 -1.1466666667
742 MOPAS 42.4352777778 1.0344444444
743 MOPEM 46.2836111111 4.3841666667
745 MORAL 39.0 -3.5422222222
747 MORSS 39.9566666667 4.6666666667
749 MOTAL 47.5766666667 2.22
751 MOTIL 39.5388888889 -1.7452777778
752 MOU 46.7066666667 3.6316666667
754 MTL 44.555 4.7797222222
755 MULAT 39.4 -0.18
756 MUREN 41.0575 4.6666666667
757 MUROS 39.7188888889 3.08
758 MURRO 45.3327777778 4.3755555556
759 MUT.A 43.45687985 1.2789269833
760 MUT.D 43.44416345 1.2712071
762 NAKIS 44.3225 4.0980555556
764 NAMAR 47.8847222222 -0.4586111111
765 NANDO 39.9888888889 -2.1744444444
766 NARAK 44.2952777778 1.7488888889
767 NARGO 38.7383333333 -0.9986111111
769 NASEP 44.515 2.2322222222
771 NASOS 39.3991666667 -3.0277777778
772 NATPA 39.9188888889 -4.5863888889
773 NATUL 41.1433333333 -3.1819444444
774 NAVAR 40.3766666667 0.5216666667
775 NEA 42.0275 -4.1091666667
776 NEDAN 47.4405555556 -1.2647222222
777 NEDUS 42.6533333333 -4.8497222222
778 NEKEM 46.5 3.4141666667
779 NEKTA 43.7508333333 3.025
780 NELAS 40.0941666667 3.5208333333
784 NENDA 41.6844444444 2.7513888889
785 NENEM 44.0513888889 -3.1502777778
787 NEPAL 40.6927777778 1.9247222222
788 NEPAP 46.9338888889 3.6794444444
790 NETRO 44.0508333333 1.5730555556
791 NEV 47.1530555556 2.9294444444
793 NEXAS 40.8711111111 -0.7927777778
794 NG 43.8572222222 4.4063888889
795 NG.aa 43.8555746333 4.41289435
799 NILDU 42.2602777778 3.8286111111
800 NIMER 47.4725 0.3569444444
801 NINES 38.6636111111 2.1613888889
803 NINOT 39.2088888889 0.4833333333
807 NITBA 41.0716666667 1.9855555556
808 NITEM 47.4302777778 -1.8063888889
812 NOLSA 42.4275 -1.9075
814 NORMI 46.8961111111 -2.0919444444
815 NORON 45.4847222222 0.6775
818 NOVAN 46.3222222222 -3.6991666667
820 NTS 47.1608333333 -1.6130555556
821 NTS.A 47.1558157333 -1.6163421
822 NTS.D 47.1545760333 -1.6067750667
823 NUBLO 42.6661111111 -4.9888888889
824 NURVI 43.2925 -3.3169444444
827 NVS 40.3686111111 -4.2494444444
828 NVS07 41.1388840833 -4.2735200167
829 OAN.A 47.9886040333 1.7760571333
830 OAN.D 47.9762150833 1.7730076167
831 OBEPA 45.5352777778 3.6183333333
832 OBETO 43.4761111111 -4.3333333333
834 OBIKI 41.2272222222 -2.8597222222
837 OBUTO 43.1591666667 0.0208333333
839 ODAPA 41.4397222222 -4.1758333333
840 ODSEN 39.0641666667 0.4833333333
842 OGRIL 43.2922222222 1.235
843 OKABI 42.6161111111 1.4836111111
844 OKEKO 47.5402777778 3.1205555556
845 OKEPI 47.1452777778 3.365
846 OKETA 41.7236111111 2.9961111111
847 OKIRA 47.0219444444 3.4405555556
848 OKITI 39.1163888889 1.4441666667
850 OLEBA 47.1569444444 -1.8480555556
851 OLERO 45.9697222222 -1.1502777778
853 OLINO 46.8825 1.0488888889
854 OLIRI 46.635 3.4119444444
855 OLMIR 38.5311111111 2.5180555556
857 OLOTI 42.2083333333 2.4666666667
858 OLPOS 38.7269444444 -1.3422222222
859 OLRAK 44.7844444444 2.8372222222
861 OMANI 46.4572222222 3.7680555556
862 OMARI 47.1666666667 0.8247222222
863 OMILU 42.7372222222 -3.7805555556
864 ONZON 45.835 4.1083333333
866 ORBIL 43.19 2.4933333333
867 ORBIS 41.2658333333 -4.1952777778
870 ORG.A 44.1397642833 4.8693111167
871 ORG.D 44.1398630333 4.8642097333
873 ORS.A 47.92741605 2.1913795
874 ORS.D 47.8979294333 2.1675783333
875 ORTEZ 43.3655555556 -0.7166666667
876 ORVUS 39.3316666667 0.4313888889
880 OSGAL 39.0247222222 2.8997222222
882 OSKAM 43.8316666667 1.2133333333
883 OSKIN 47.7188888889 3.4347222222
887 OSTIX 41.5044444444 -3.1
888 OSTUR 40.7808333333 2.8938888889
890 OSVAN 38.1166666667 -0.5633333333
891 OTARO 39.0 4.685
893 OTROT 45.1136111111 4.4455555556
894 OVDIL 44.0883333333 0.8880555556
899 PAL.A 39.5640048 2.7460279167
900 PAL.D 39.5517332667 2.7464473667
901 PALIO 40.2622222222 -3.0483333333
903 PAPOS 40.6211111111 1.4491666667
905 PAULI 40.4147222222 -4.6608333333
906 PDT 40.2527777778 -3.3480555556
910 PEKOR 39.6191666667 3.3747222167
911 PELAT 41.0216666667 0.4425
912 PEPAX 47.0813888889 0.4525
913 PEPET 45.0841666667 -3.8672222222
915 PERDU 42.7322222222 0.1511111111
916 PERIG 45.1172222222 0.9694444444
918 PESAN 46.1991666667 3.3872222222
920 PEXOT 40.8608333333 1.4519444444
923 PIBAT 46.8058333333 4.2591666667
924 PIGUL 45.5744444444 0.7716666667
925 PIMAD 38.1666666667 2.5
926 PIMAK 45.3916666667 4.0147222222
927 PIMUP 47.5402777778 3.3875
929 PINAR 40.9802777778 -2.5991666667
931 PIPOR 43.0091666667 -1.1080555556
933 PISUS 41.1936111111 -1.455
934 PITUL 42.7008333333 -2.1933333333
935 PITUX 39.3686111111 2.6205555556
936 PIVUS 41.9238888889 3.9338888889
937 PIXIS 46.9402777778 3.7538888889
939 PLANA 39.8905555556 -0.3263888889
941 PMR.A 43.0939158333 1.6342473
942 PMR.D 43.0931356833 1.6978912
943 PND 39.4375 -0.3463888889
944 PO 43.3141666667 -0.1661111111
946 POBOS 38.7191666667 -1.7688888889
948 PODUX 42.9011111111 -1.8816666667
949 POI 46.5811111111 0.2980555556
950 POKET 45.1141666667 0.6180555556
953 POMTA 47.7863888889 -3.6277777778
954 PONEN 41.3538888889 -0.5475
955 POPUL 43.9486111111 -2.8402777778
957 POS 39.9275 3.1147222222
958 POSBA 40.2197222222 2.9052777778
959 POSSY 42.0613888889 0.1572222222
960 PPG 42.7505555556 2.8672222222
961 PPN 42.7338888889 -1.7019444444
962 PPN.A 42.7718839833 -1.6454431333
963 PPN.D 42.7365649833 -1.6337247833
965 PRADO 40.1475 -2.0102777778
966 PTC 39.4272222222 3.2566666667
968 PUMAL 42.3669444444 2.0083333333
972 QPR 47.9572222222 -4.1847222222
973 RAMON 41.0091666667 -0.2852777778
975 RARAK 44.0288888889 0.6925
976 RARUS 44.1202777778 4.7538888889
977 RATAS 42.5744444444 -4.0308333333
978 RATRA 44.7802777778 1.4775
979 RAVAX 40.9205555556 2.0880555556
980 RBO 40.8538888889 -3.2466666667
981 RBO01 40.7204721667 -3.3848052833
982 REBUL 41.6977777778 1.1136111111
984 REPSI 45.5225 4.2752777778
985 RES 41.1497222222 1.1711111111
986 RES.A 41.1431879333 1.1869708
987 RES.D 41.1367288833 1.1648040167
988 RES01 41.0547276833 0.9115302
989 RES05 41.4125538167 1.0948994167
992 RETBA 39.4436111111 -0.9088888889
993 REVAT 40.3830555556 -2.9427777778
994 RHONE 43.3861111111 4.8444444444
996 RIBOU 43.0797222222 1.9288888889
999 RILON 43.925 -1.01
1001 RIMES 40.5580555556 -0.0638888889
1002 RIMOR 46.0227777778 3.48
1004 RIPAL 39.9780555556 4.7713888889
1005 RIPUX 39.2466666667 -0.4397222222
1006 RISEP 39.6066666667 4.9930555556
1010 RISUN 46.3655555556 2.6033333333
1011 RITOR 46.1841666667 -1.5416666667
1012 RIVEK 46.3366666667 3.08
1017 ROA 46.0591666667 3.9991666667
1018 ROC 45.8883333333 -0.9861111111
1019 ROCAN 42.6733333333 1.9466666667
1020 RODRA 41.0513888889 1.7302777778
1024 ROLIR 45.1744444444 4.8436111111
1026 ROM 44.3319444444 2.6072222222
1027 ROMAK 44.63 2.4888888889
1028 ROMGI 46.1772222222 3.1127777778
1029 RONAL 41.7616666667 1.9116666667
1030 RONDU 38.8233333333 1.5427777778
1032 RONKO 42.4958333333 -1.0305555556
1033 RONSI 43.4844444444 -4.5036111111
1034 ROSPO 47.9616666667 -3.7508333333
1037 ROVOT 43.3369444444 4.9288888889
1038 ROXIL 47.1088888889 1.9672222222
1039 ROYAN 45.6666666667 -1.0366666667
1043 RUBOT 40.9738888889 1.7058333333
1045 RULOS 41.1772222222 2.2813888889
1046 RUMEL 44.5 0.9205555556
1047 RUPIT 39.4527777778 2.0269444444
1049 RUSIT 45.6680555556 4.8905555556
1050 RUXET 38.6688888889 0.675
1051 RUXON 46.8270667667 -1.7356467333
1052 RZ 44.4319444444 2.4372222222
1053 SABAS 39.2338888889 2.4155555556
1054 SABLE 47.8530555556 -0.25
1055 SADEM 41.2102777778 3.1738888889
1056 SADUR 41.4172222222 1.6738888889
1057 SALAS 41.1097222222 0.4763888889
1058 SALIN 43.2827777778 4.7302777778
1059 SALON 41.4944444444 3.1872222222
1060 SALSI 43.3477777778 2.3572222222
1062 SANCE 47.2666666667 2.7416666667
1063 SANIS 41.1091666667 2.0036111111
1066 SARGO 40.5 3.9919444444
1068 SAU 44.6769444444 -0.1530555556
1069 SAU04 44.6890844167 -0.7131885333
1070 SAURA 40.2561111111 -0.1833333333
1071 SECHE 44.4386111111 0.5152777778
1072 SEDIL 41.3236111111 -1.4327777778
1073 SEGRE 41.0227777778 -2.3763888889
1074 SELVA 41.1961111111 1.1663888889
1075 SENIA 40.8686111111 0.7388888889
1076 SEROX 41.3466666667 0.2186111111
1078 SGO 39.6741666667 -0.2077777778
1079 SGO.2 39.68407415 -0.2225773167
1081 SIJAN 43.1975 2.9369444444
1082 SIMAR 43.8108333333 3.7944444444
1084 SINOP 46.3255408333 3.28344605
1086 SIRGU 40.2605555556 -2.6002777778
1087 SISMO 40.6091666667 3.1458333333
1088 SLL 41.52 2.1097222222
1089 SLL.A 41.5145652667 2.0225334833
1090 SLL.D 41.5083937833 2.0429941
1091 SN 46.2944444444 4.1213888889
1092 SNR 43.4497222222 -3.9025
1093 SOBRO 39.4002777778 -0.8961111111
1097 SOLSO 44.385 -0.4775
1101 SOMTI 45.4502777778 2.9330555556
1103 SONTA 38.7730555556 1.1169444444
1104 SOPAD 45.6533333333 4.2055555556
1105 SOPET 39.8338888889 -0.0047222222
1106 SOPIL 47.0258333333 1.055
1109 SOSAV 39.2736111111 -1.4955555556
1111 SOSUR 42.5602777778 4.9975
1112 SOTAK 43.8213888889 0.9422222222
1113 SOTAX 39.5855555556 4.6666666667
1116 SOVAR 42.7880555556 -0.2444444444
1117 SOVET 44.1388888889 1.7808333333
1118 SOVOS 43.3869444444 -0.9
1119 SSN 43.3111111111 -1.8302777778
1120 SSY 40.5463888889 -3.5752777778
1121 SSY01 40.63979475 -3.6712622
1122 SUBAK 47.0691666667 -1.4908333333
1128 SULID 41.1844444444 3.4413888889
1129 SULIT 43.3836111111 1.2525
1130 SULOT 45.6038888889 3.8163888889
1131 SUMMO 38.3602777778 -0.2816666667
1135 SURAS 43.6425 1.0627777778
1136 SURCO 42.3288888889 -0.5680555556
1137 SURIB 38.3422222222 1.9169444444
1141 TABIL 47.9563888889 -0.94
1143 TAGOM 40.9836111111 -3.4322222222
1144 TAKAT 44.6266666667 2.6005555556
1145 TALAR 45.9563888889 4.6044444444
1146 TALEN 39.1177777778 3.1313888889
1147 TALOL 43.3211111111 0.5583333333
1149 TASOS 40.9458333333 2.6497222222
1150 TATOS 40.0 -0.2836111111
1151 TBO 43.3322222222 0.1458333333
1152 TBO.A 43.1906523667 0.0026345833
1153 TBO.D 43.1856326 -0.0061062
1154 TBO01 43.2877248333 0.9207309667
1155 TBO02 43.2766623833 1.05902555
1156 TEBLA 41.3811111111 2.325
1159 TEMTO 47.595 -0.615
1160 TEPRA 46.4958333333 -2.4244444444
1162 TERPO 47.3488888889 -1.9288888889
1163 TERSA 40.725 -2.1377833333
1165 THUNE 43.2538888889 -1.5663888889
1167 TIMOR 40.0113888889 4.2502777778
1168 TINEL 38.9169444444 1.6363888889
1169 TIRAV 46.5988888889 -1.3908333333
1170 TIRGO 41.7844444444 1.1261111111
1171 TIRUM 47.8369444444 -4.6627777778
1172 TIS 45.8819444444 3.5536111111
1174 TITAN 42.9577777778 -3.975
1175 TITOX 46.5511111111 3.7180555556
1179 TLD 39.9694444444 -4.3375
1180 TLD01 39.6384119833 -4.0471143167
1183 TOBEK 40.1963888889 -3.4244444444
1184 TOE 43.4811111111 1.68
1185 TOL.A 40.4949041667 -3.4619205667
1186 TOL.D 40.49097665 -3.4508020667
1187 TOLSO 40.5 2.3927777778
1188 TONIS 39.775 3.2619444444
1189 TORDU 40.2580555556 0.5883333333
1190 TOSNU 41.0152777778 3.8069444444
1191 TOSTO 38.3641666667 -1.9361111111
1192 TOU 43.6808333333 1.3097222222
1193 TOU.A 43.6363061167 1.3635596833
1194 TOU.D 43.6347961833 1.3694255333
1195 TS 43.5086672333 1.4879274167
1197 TUDRA 46.5388888889 0.7808333333
1199 TUGLI 45.3772222222 1.5244444444
1200 TUKRO 39.2461111111 2.6105555556
1201 TULNO 39.4838888833 -0.00694445
1202 TUNAX 47.9125 0.2016666667
1204 TUNOR 47.8833333333 4.1411111111
1206 TUPAR 46.4291666667 -0.6627777778
1209 TUR.A 47.4240863333 0.7541672333
1210 TUR.D 47.4324283 0.71579425
1211 TURPU 42.6777777778 -1.5425
1212 TURUV 42.3675 0.475
1213 TUSAK 44.6508333333 1.6761111111
1215 TW 43.5305555556 1.0252777778
1220 UNGAS 42.6822222222 -3.6997222222
1222 UREKU 43.4769444444 -1.3736111111
1223 URIAS 39.2358333333 -0.5
1224 URIPO 38.9241666667 0.4833333333
1225 URUNA 43.355 -1.7402777778
1227 USAKU 43.6241666667 0.4722222222
1230 UXANA 45.2763888889 3.1791666667
1231 VAB 38.9472222222 -1.8594444444
1232 VABAR 42.1711111111 -2.6152777778
1235 VAGNA 45.0952777778 -0.3372222222
1236 VAKIN 41.9047222222 -0.3533333333
1238 VAKSI 47.9991666667 -1.2347222222
1239 VALAG 43.6777777778 3.4180555556
1242 VALKU 45.9980555556 2.8180555556
1244 VAMUS 43.1739889667 -3.5140535
1245 VANAD 47.8372222222 0.9072222222
1250 VASUM 42.2719444444 -2.0111111111
1251 VATIR 42.1722222222 4.1155555556
1254 VEGOB 45.5794444444 1.4797222222
1255 VELIN 44.98 0.1555555556
1256 VELIR 45.4041666667 3.1825
1258 VEMAK 40.6605555556 -3.2863888889
1261 VERAC 46.2902777778 0.1047222222
1262 VEROS 47.34 2.2016666667
1263 VEROT 45.2163888889 4.1772222222
1264 VERSO 41.1530555556 3.7569444444
1268 VIBIM 41.0708333333 2.2063888889
1269 VIBOK 41.5469444444 1.5019444444
1271 VILAR 41.3416666667 0.5658333333
1273 VILLA 40.2330555556 -2.4105555556
1274 VILNA 38.5397222222 -0.8166666667
1276 VISON 40.1611111111 -3.5025
1277 VJ025 40.93833315 -2.8056998833
1278 VJZ 40.5641666667 -3.3602777778
1279 VJZ.d 40.5557812167 -3.3579743667
1280 VJZ01 40.2422156 -3.2478838
1281 VJZ04 40.3291508833 -3.6721250333
1282 VJZ08 39.7727199333 -3.1042727667
1283 VLA 41.3427777778 1.5477777778
1284 VLC 39.4855555556 -0.4830555556
1285 VLC.A 39.4977367333 -0.4724928667
1286 VLC.D 39.48674135 -0.52489605
1289 VNV 41.2105555556 1.7058333333
1291 VOGEL 42.58932735 -2.0194768333
1292 VRA 42.7319444444 -2.8655555556
1293 VTA 42.9280555556 -2.6797222222
1294 VTB 39.7808333333 -3.4641666667
1297 WALLY 39.7544444444 -1.0941666667
1299 XAMUR 41.4030555556 2.8719444444
1302 XEBAR 38.5211111111 -2.0927777778
1305 XERAX 44.9652777833 2.0
1308 XESPA 38.5969444444 3.1416666667
1309 XORNA 43.8125 -3.4516666667
1312 XUPAL 45.0405555556 2.6227777778
1313 XURAL 39.2872222222 2.7211111111
1314 YES 38.3608333333 -2.3525
1317 ZAR.A 41.6611099667 -1.0553142667
1318 ZAR.D 41.6694129833 -1.0370439667
1319 ZARKO 42.005 -0.7927777778
1320 ZEBRA 43.6158333333 4.96
1322 ZR 43.3269444444 3.2830555556
1323 ZRZ 41.7305555556 -1.1933333333
1325 ZURIA 42.8175 -2.4497222222
1326 ZZA 41.6028794 -0.8782301333
